,0
0,208171.77413362465
1,217659.77413362465
2,209595.77413362465
3,202087.77413362465
4,301787.7741336246
5,165211.77413362465
6,289495.7741336246
7,213339.77413362465
8,158167.77413362465
9,115831.77413362465
10,131607.77413362465
11,397015.7741336246
12,132327.77413362465
13,216123.77413362465
14,151159.77413362465
15,148519.77413362465
16,169831.77413362465
17,109559.77413362465
18,143815.77413362465
19,131895.77413362465
20,334039.7741336246
21,126887.77413362465
22,222075.77413362465
23,138395.77413362465
24,160823.77413362465
25,261067.77413362465
26,139751.77413362465
27,300631.7741336246
28,210343.77413362465
29,76967.77413362465
30,71607.77413362465
31,143655.77413362465
32,230967.77413362465
33,161351.77413362465
34,314183.7741336246
35,341959.7741336246
36,147547.77413362465
37,152167.77413362465
38,133127.77413362465
39,72967.77413362465
40,155575.77413362465
41,177703.77413362465
42,157307.77413362465
43,152443.77413362465
44,134007.77413362465
45,316503.7741336246
46,262375.7741336246
47,247515.77413362465
48,68151.77413362465
49,139767.77413362465
50,171771.77413362465
51,126743.77413362465
52,110859.77413362465
53,335623.7741336246
54,116855.77413362465
55,179367.77413362465
56,202939.77413362465
57,193675.77413362465
58,457127.7741336246
59,136567.77413362465
60,152971.77413362465
61,97031.77413362465
62,220219.77413362465
63,148071.77413362465
64,229675.77413362465
65,331671.7741336246
66,250283.77413362465
67,213819.77413362465
68,78279.77413362465
69,211719.77413362465
70,281019.7741336246
71,123351.77413362465
72,192779.77413362465
73,139831.77413362465
74,95559.77413362465
75,115227.77413362465
76,110919.77413362465
77,122679.77413362465
78,117655.77413362465
79,106871.77413362465
80,193627.77413362465
81,170551.77413362465
82,241739.77413362465
83,111687.77413362465
84,182507.77413362465
85,296219.7741336246
86,179323.77413362465
87,156683.77413362465
88,44295.774133624654
89,121787.77413362465
90,105879.77413362465
91,110007.77413362465
92,151259.77413362465
93,181543.77413362465
94,193451.77413362465
95,194603.77413362465
96,207707.77413362465
97,94567.77413362465
98,77591.77413362465
99,121591.77413362465
100,202743.77413362465
101,183435.77413362465
102,133367.77413362465
103,185643.77413362465
104,162807.77413362465
105,279783.7741336246
106,94887.77413362465
107,96263.77413362465
108,122343.77413362465
109,190043.77413362465
110,137831.77413362465
111,192011.77413362465
112,349927.7741336246
113,240987.77413362465
114,253447.77413362465
115,174555.77413362465
116,121495.77413362465
117,132859.77413362465
118,317435.7741336246
119,186459.77413362465
120,180871.77413362465
121,81255.77413362465
122,139959.77413362465
123,143595.77413362465
124,189099.77413362465
125,105703.77413362465
126,131515.77413362465
127,72247.77413362465
128,126231.77413362465
129,176423.77413362465
130,215527.77413362465
131,208043.77413362465
132,151943.77413362465
133,229687.77413362465
134,181991.77413362465
135,189239.77413362465
136,131671.77413362465
137,179479.77413362465
138,237035.77413362465
139,199819.77413362465
140,84663.77413362465
141,234059.77413362465
142,122615.77413362465
143,227019.77413362465
144,124215.77413362465
145,127147.77413362465
146,123271.77413362465
147,223675.77413362465
148,156907.77413362465
149,108411.77413362465
150,148471.77413362465
151,336919.7741336246
152,188439.77413362465
153,196523.77413362465
154,109991.77413362465
155,88183.77413362465
156,129687.77413362465
157,281367.7741336246
158,230267.77413362465
159,246315.77413362465
160,193371.77413362465
161,400343.7741336246
162,245963.77413362465
163,85223.77413362465
164,165287.77413362465
165,102151.77413362465
166,196855.77413362465
167,331639.7741336246
168,198267.77413362465
169,230203.77413362465
170,110487.77413362465
171,209895.77413362465
172,233595.77413362465
173,149143.77413362465
174,199787.77413362465
175,202343.77413362465
176,203259.77413362465
177,184055.77413362465
178,422567.7741336246
179,111671.77413362465
180,160523.77413362465
181,184195.77413362465
182,131387.77413362465
183,202155.77413362465
184,112103.77413362465
185,362903.7741336246
186,175931.77413362465
187,151591.77413362465
188,137243.77413362465
189,318967.7741336246
190,276459.7741336246
191,192807.77413362465
192,205611.77413362465
193,135659.77413362465
194,138327.77413362465
195,137787.77413362465
196,340039.7741336246
197,240967.77413362465
198,129431.77413362465
199,348391.7741336246
200,126523.77413362465
201,172295.77413362465
202,120103.77413362465
203,138971.77413362465
204,118279.77413362465
205,199179.77413362465
206,140279.77413362465
207,122391.77413362465
208,255499.77413362465
209,160043.77413362465
210,91879.77413362465
211,157083.77413362465
212,236299.77413362465
213,159291.77413362465
214,139371.77413362465
215,131735.77413362465
216,217163.77413362465
217,79351.77413362465
218,250823.77413362465
219,167723.77413362465
220,200859.77413362465
221,210987.77413362465
222,168427.77413362465
223,108215.77413362465
224,414999.7741336246
225,102423.77413362465
226,303851.7741336246
227,93175.77413362465
228,92743.77413362465
229,187563.77413362465
230,138983.77413362465
231,349691.7741336246
232,93591.77413362465
233,145207.77413362465
234,218299.77413362465
235,88791.77413362465
236,185915.77413362465
237,216459.77413362465
238,300343.7741336246
239,123127.77413362465
240,246299.77413362465
241,111431.77413362465
242,90327.77413362465
243,107099.77413362465
244,229227.77413362465
245,206907.77413362465
246,138983.77413362465
247,154231.77413362465
248,194251.77413362465
249,294091.7741336246
250,85191.77413362465
251,257803.77413362465
252,180171.77413362465
253,177499.77413362465
254,137239.77413362465
255,229083.77413362465
256,209867.77413362465
257,226667.77413362465
258,213707.77413362465
259,89559.77413362465
260,167383.77413362465
261,319015.7741336246
262,157195.77413362465
263,120503.77413362465
264,76023.77413362465
265,175419.77413362465
266,175995.77413362465
267,172711.77413362465
268,96327.77413362465
269,149783.77413362465
270,249467.77413362465
271,224635.77413362465
272,322971.7741336246
273,151815.77413362465
274,150295.77413362465
275,207719.77413362465
276,201335.77413362465
277,99895.77413362465
278,398775.7741336246
279,206827.77413362465
280,231691.77413362465
281,198427.77413362465
282,210411.77413362465
283,224555.77413362465
284,164011.77413362465
285,160155.77413362465
286,176231.77413362465
287,85815.77413362465
288,103223.77413362465
289,140039.77413362465
290,221307.77413362465
291,126423.77413362465
292,133879.77413362465
293,233575.77413362465
294,181383.77413362465
295,156311.77413362465
296,124775.77413362465
297,256283.77413362465
298,178711.77413362465
299,178087.77413362465
300,166679.77413362465
301,250203.77413362465
302,205867.77413362465
303,153751.77413362465
304,290663.7741336246
305,255803.77413362465
306,224635.77413362465
307,105895.77413362465
308,92807.77413362465
309,390727.7741336246
310,166939.77413362465
311,143207.77413362465
312,129451.77413362465
313,316651.7741336246
314,186759.77413362465
315,187003.77413362465
316,263803.7741336246
317,256875.77413362465
318,344187.7741336246
319,184187.77413362465
320,352231.7741336246
321,347079.7741336246
322,280007.7741336246
323,125559.77413362465
324,259339.77413362465
325,88023.77413362465
326,273387.7741336246
327,144695.77413362465
328,151143.77413362465
329,88311.77413362465
330,122199.77413362465
331,130935.77413362465
332,270875.7741336246
333,205307.77413362465
334,217355.77413362465
335,280743.7741336246
336,370759.7741336246
337,213675.77413362465
338,215483.77413362465
339,140775.77413362465
340,214667.77413362465
341,84295.77413362465
342,83159.77413362465
343,308503.7741336246
344,72091.77413362465
345,134775.77413362465
346,139447.77413362465
347,177911.77413362465
348,203403.77413362465
349,412231.7741336246
350,306391.7741336246
351,206203.77413362465
352,97607.77413362465
353,122855.77413362465
354,136887.77413362465
355,170651.77413362465
356,166795.77413362465
357,141931.77413362465
358,124471.77413362465
359,317019.7741336246
360,157003.77413362465
361,133559.77413362465
362,217495.77413362465
363,114503.77413362465
364,168171.77413362465
365,109111.77413362465
366,169659.77413362465
367,148555.77413362465
368,135431.77413362465
369,177783.77413362465
370,175803.77413362465
371,122663.77413362465
372,113371.77413362465
373,129351.77413362465
374,217883.77413362465
375,44983.774133624654
376,145147.77413362465
377,259067.77413362465
378,363127.7741336246
379,174507.77413362465
380,138983.77413362465
381,219211.77413362465
382,208603.77413362465
383,101239.77413362465
384,231099.77413362465
385,179931.77413362465
386,54119.774133624654
387,134935.77413362465
388,192235.77413362465
389,388599.7741336246
390,118871.77413362465
391,238407.77413362465
392,106327.77413362465
393,81863.77413362465
394,92119.77413362465
395,123079.77413362465
396,139543.77413362465
397,133943.77413362465
398,76311.77413362465
399,213243.77413362465
400,233403.77413362465
401,201755.77413362465
402,114663.77413362465
403,299067.7741336246
404,170155.77413362465
405,161511.77413362465
406,121239.77413362465
407,179771.77413362465
408,298151.7741336246
409,323735.7741336246
410,91319.77413362465
411,139159.77413362465
412,286375.7741336246
413,110695.77413362465
414,245307.77413362465
415,191339.77413362465
416,160631.77413362465
417,244283.77413362465
418,111223.77413362465
419,140567.77413362465
420,211979.77413362465
421,193403.77413362465
422,104791.77413362465
423,322875.7741336246
424,136507.77413362465
425,138039.77413362465
426,240107.77413362465
427,103479.77413362465
428,191803.77413362465
429,180699.77413362465
430,85431.77413362465
431,74871.77413362465
432,133751.77413362465
433,168379.77413362465
434,74683.77413362465
435,214411.77413362465
436,124071.77413362465
437,119271.77413362465
438,128887.77413362465
439,134343.77413362465
440,451031.7741336246
441,78759.77413362465
442,160215.77413362465
443,208999.77413362465
444,219947.77413362465
445,152279.77413362465
446,195799.77413362465
447,206875.77413362465
448,133623.77413362465
449,106583.77413362465
450,119239.77413362465
451,245451.77413362465
452,221895.77413362465
453,213067.77413362465
454,159223.77413362465
455,171463.77413362465
456,111351.77413362465
457,219355.77413362465
458,154935.77413362465
459,88439.77413362465
460,243387.77413362465
461,142955.77413362465
462,110423.77413362465
463,170647.77413362465
464,116299.77413362465
465,170523.77413362465
466,194023.77413362465
467,146311.77413362465
468,256459.77413362465
469,167595.77413362465
470,230459.77413362465
471,208491.77413362465
472,123019.77413362465
473,342167.7741336246
474,282699.7741336246
475,148711.77413362465
476,231739.77413362465
477,363995.7741336246
478,300791.7741336246
479,104887.77413362465
480,351415.7741336246
481,376103.7741336246
482,196295.77413362465
483,150151.77413362465
484,137399.77413362465
485,131655.77413362465
486,150327.77413362465
487,186683.77413362465
488,155207.77413362465
489,87867.77413362465
490,104171.77413362465
491,154631.77413362465
492,163659.77413362465
493,136759.77413362465
494,97335.77413362465
495,64855.774133624654
496,364011.7741336246
497,179287.77413362465
498,127223.77413362465
499,123703.77413362465
500,105559.77413362465
501,216715.77413362465
502,142103.77413362465
503,256311.77413362465
504,142679.77413362465
505,133207.77413362465
506,214523.77413362465
507,187851.77413362465
508,174279.77413362465
509,131255.77413362465
510,159815.77413362465
511,206923.77413362465
512,110215.77413362465
513,135607.77413362465
514,119719.77413362465
515,386391.7741336246
516,195351.77413362465
517,291691.7741336246
518,210411.77413362465
519,241371.77413362465
520,76311.77413362465
521,140647.77413362465
522,177943.77413362465
523,477415.7741336246
524,306331.7741336246
525,211227.77413362465
526,126459.77413362465
527,418407.7741336246
528,87959.77413362465
529,258743.77413362465
530,177403.77413362465
531,120615.77413362465
532,118823.77413362465
533,28967.774133624654
534,220775.77413362465
535,123627.77413362465
536,216027.77413362465
537,104087.77413362465
538,140823.77413362465
539,230971.77413362465
540,340999.7741336246
541,291291.7741336246
542,228791.77413362465
543,118299.77413362465
544,207547.77413362465
545,223083.77413362465
546,170043.77413362465
547,128827.77413362465
548,102779.77413362465
549,242091.77413362465
550,145627.77413362465
551,108087.77413362465
552,295415.7741336246
553,103847.77413362465
554,276555.7741336246
555,109655.77413362465
556,144663.77413362465
557,99799.77413362465
558,197691.77413362465
559,203755.77413362465
560,162827.77413362465
561,164091.77413362465
562,111127.77413362465
563,172427.77413362465
564,299915.7741336246
565,114379.77413362465
566,359387.7741336246
567,229163.77413362465
568,276107.7741336246
569,150827.77413362465
570,132535.77413362465
571,131495.77413362465
572,209239.77413362465
573,188347.77413362465
574,130311.77413362465
575,105719.77413362465
576,154423.77413362465
577,151271.77413362465
578,166939.77413362465
579,134103.77413362465
580,181575.77413362465
581,339831.7741336246
582,96395.77413362465
583,275559.7741336246
584,135591.77413362465
585,313831.7741336246
586,142135.77413362465
587,129111.77413362465
588,239175.77413362465
589,102551.77413362465
590,187755.77413362465
591,411959.7741336246
592,142007.77413362465
593,137643.77413362465
594,119787.77413362465
595,334411.7741336246
596,111415.77413362465
597,213799.77413362465
598,219947.77413362465
599,150123.77413362465
600,303931.7741336246
601,128615.77413362465
602,240107.77413362465
603,154779.77413362465
604,208539.77413362465
605,203367.77413362465
606,142523.77413362465
607,206119.77413362465
608,281707.7741336246
609,97639.77413362465
610,309831.7741336246
611,136267.77413362465
612,252427.77413362465
613,102283.77413362465
614,76667.77413362465
615,155703.77413362465
616,185723.77413362465
617,108935.77413362465
618,344599.7741336246
619,289979.7741336246
620,53255.774133624654
621,221687.77413362465
622,131911.77413362465
623,167627.77413362465
624,180631.77413362465
625,157015.77413362465
626,130103.77413362465
627,157639.77413362465
628,186411.77413362465
629,159735.77413362465
630,131287.77413362465
631,220315.77413362465
632,177079.77413362465
633,133783.77413362465
634,114327.77413362465
635,197575.77413362465
636,65319.774133624654
637,93847.77413362465
638,69431.77413362465
639,257755.77413362465
640,321687.7741336246
641,240315.77413362465
642,338139.7741336246
643,157047.77413362465
644,355527.7741336246
645,145911.77413362465
646,121191.77413362465
647,145175.77413362465
648,143351.77413362465
649,64155.774133624654
650,219563.77413362465
651,99223.77413362465
652,197067.77413362465
653,133655.77413362465
654,356523.7741336246
655,92791.77413362465
656,137303.77413362465
657,157179.77413362465
658,129687.77413362465
659,162839.77413362465
660,201851.77413362465
661,354747.7741336246
662,142967.77413362465
663,118971.77413362465
664,354167.7741336246
665,193675.77413362465
666,168683.77413362465
667,205803.77413362465
668,167447.77413362465
669,131159.77413362465
670,178267.77413362465
671,122935.77413362465
672,192187.77413362465
673,246263.77413362465
674,146023.77413362465
675,147127.77413362465
676,98583.77413362465
677,116199.77413362465
678,337383.7741336246
679,125207.77413362465
680,117115.77413362465
681,107351.77413362465
682,166107.77413362465
683,262027.77413362465
684,246987.77413362465
685,247691.77413362465
686,231067.77413362465
687,138619.77413362465
688,277771.7741336246
689,206427.77413362465
690,157115.77413362465
691,556407.7741336246
692,293915.7741336246
693,103575.77413362465
694,140311.77413362465
695,177995.77413362465
696,103287.77413362465
697,150135.77413362465
698,121399.77413362465
699,179963.77413362465
700,306663.7741336246
701,148631.77413362465
702,393767.7741336246
703,125227.77413362465
704,216251.77413362465
705,64103.774133624654
706,287371.7741336246
707,226235.77413362465
708,197867.77413362465
709,98951.77413362465
710,77719.77413362465
711,88887.77413362465
712,224395.77413362465
713,123687.77413362465
714,161063.77413362465
715,154907.77413362465
716,188887.77413362465
717,149787.77413362465
718,342731.7741336246
719,161515.77413362465
720,289835.7741336246
721,131259.77413362465
722,121527.77413362465
723,117559.77413362465
724,305975.7741336246
725,111895.77413362465
726,259499.77413362465
727,205115.77413362465
728,149367.77413362465
729,88711.77413362465
730,244911.77413362465
731,214723.77413362465
732,223755.77413362465
733,133015.77413362465
734,112903.77413362465
735,172923.77413362465
736,81655.77413362465
737,223259.77413362465
738,170827.77413362465
739,195883.77413362465
740,128519.77413362465
741,145271.77413362465
742,181259.77413362465
743,164155.77413362465
744,231051.77413362465
745,308295.7741336246
746,225083.77413362465
747,229063.77413362465
748,279963.7741336246
749,98103.77413362465
750,81367.77413362465
751,163259.77413362465
752,220411.77413362465
753,304619.7741336246
754,160023.77413362465
755,164635.77413362465
756,215995.77413362465
757,165303.77413362465
758,162171.77413362465
759,320987.7741336246
760,128519.77413362465
761,114279.77413362465
762,211963.77413362465
763,327771.7741336246
764,261467.77413362465
765,269019.7741336246
766,175995.77413362465
767,174795.77413362465
768,223227.77413362465
769,492555.7741336246
770,134955.77413362465
771,109063.77413362465
772,126327.77413362465
773,99335.77413362465
774,289691.7741336246
775,158263.77413362465
776,213259.77413362465
777,136359.77413362465
778,155031.77413362465
779,146683.77413362465
780,173451.77413362465
781,180443.77413362465
782,186187.77413362465
783,142843.77413362465
784,131767.77413362465
785,155911.77413362465
786,127367.77413362465
787,223435.77413362465
788,102487.77413362465
789,233447.77413362465
790,155707.77413362465
791,137659.77413362465
792,293307.7741336246
793,239371.77413362465
794,198203.77413362465
795,178331.77413362465
796,156887.77413362465
797,100599.77413362465
798,425687.7741336246
799,159131.77413362465
800,203787.77413362465
801,128839.77413362465
802,209675.77413362465
803,436199.7741336246
804,116311.77413362465
805,224971.77413362465
806,116983.77413362465
807,178087.77413362465
808,139927.77413362465
809,123991.77413362465
810,179287.77413362465
811,162603.77413362465
812,116039.77413362465
813,149047.77413362465
814,120471.77413362465
815,203787.77413362465
816,119591.77413362465
817,236859.77413362465
818,148343.77413362465
819,221147.77413362465
820,194027.77413362465
821,96583.77413362465
822,226603.77413362465
823,151991.77413362465
824,225083.77413362465
825,379175.7741336246
826,103879.77413362465
827,196139.77413362465
828,225511.77413362465
829,152155.77413362465
830,175383.77413362465
831,155371.77413362465
832,231307.77413362465
833,160599.77413362465
834,136887.77413362465
835,140539.77413362465
836,137927.77413362465
837,94103.77413362465
838,149003.77413362465
839,102519.77413362465
840,137095.77413362465
841,138087.77413362465
842,170631.77413362465
843,114583.77413362465
844,144903.77413362465
845,184059.77413362465
846,209691.77413362465
847,159287.77413362465
848,237815.77413362465
849,207415.77413362465
850,139115.77413362465
851,210155.77413362465
852,185143.77413362465
853,175447.77413362465
854,184327.77413362465
855,149479.77413362465
856,159963.77413362465
857,164171.77413362465
858,159739.77413362465
859,248983.77413362465
860,188039.77413362465
861,137639.77413362465
862,159515.77413362465
863,124759.77413362465
864,236471.77413362465
865,125111.77413362465
866,218971.77413362465
867,121415.77413362465
868,164519.77413362465
869,221083.77413362465
870,94183.77413362465
871,177995.77413362465
872,136887.77413362465
873,134471.77413362465
874,97015.77413362465
875,323547.7741336246
876,140871.77413362465
877,360727.7741336246
878,143671.77413362465
879,155495.77413362465
880,169335.77413362465
881,218491.77413362465
882,168699.77413362465
883,128455.77413362465
884,99927.77413362465
885,270791.7741336246
886,147207.77413362465
887,138679.77413362465
888,262103.77413362465
889,151783.77413362465
890,121735.77413362465
891,170311.77413362465
892,153783.77413362465
893,139131.77413362465
894,132375.77413362465
895,166119.77413362465
896,100567.77413362465
897,158839.77413362465
898,442487.7741336246
899,127783.77413362465
900,96663.77413362465
901,146231.77413362465
902,188299.77413362465
903,216875.77413362465
904,110999.77413362465
905,118007.77413362465
906,249707.77413362465
907,229915.77413362465
908,127899.77413362465
909,164283.77413362465
910,154967.77413362465
911,165403.77413362465
912,121415.77413362465
913,169911.77413362465
914,156747.77413362465
915,72375.77413362465
916,50519.774133624654
917,111655.77413362465
918,266679.7741336246
919,203003.77413362465
920,188651.77413362465
921,147431.77413362465
922,175771.77413362465
923,170379.77413362465
924,192955.77413362465
925,186091.77413362465
926,323803.7741336246
927,176663.77413362465
928,258251.77413362465
929,213083.77413362465
930,212747.77413362465
931,119207.77413362465
932,329239.7741336246
933,189659.77413362465
934,200603.77413362465
935,97639.77413362465
936,191835.77413362465
937,238267.77413362465
938,214075.77413362465
939,228807.77413362465
940,179143.77413362465
941,209067.77413362465
942,133323.77413362465
943,125463.77413362465
944,174535.77413362465
945,139287.77413362465
946,121879.77413362465
947,247019.77413362465
948,202923.77413362465
949,173975.77413362465
950,138375.77413362465
951,137943.77413362465
952,132251.77413362465
953,165863.77413362465
954,141931.77413362465
955,167099.77413362465
956,123691.77413362465
957,129559.77413362465
958,201371.77413362465
959,166763.77413362465
960,153271.77413362465
961,248715.77413362465
962,171499.77413362465
963,277959.7741336246
964,214619.77413362465
965,173499.77413362465
966,158199.77413362465
967,133047.77413362465
968,61463.774133624654
969,147831.77413362465
970,83639.77413362465
971,190059.77413362465
972,113627.77413362465
973,210139.77413362465
974,181947.77413362465
975,161083.77413362465
976,87467.77413362465
977,182843.77413362465
978,93447.77413362465
979,127303.77413362465
980,210295.77413362465
981,337483.7741336246
982,204683.77413362465
983,243963.77413362465
984,121143.77413362465
985,103351.77413362465
986,132983.77413362465
987,388695.7741336246
988,187431.77413362465
989,205051.77413362465
990,311259.7741336246
991,162183.77413362465
992,224023.77413362465
993,169419.77413362465
994,385111.7741336246
995,112599.77413362465
996,132887.77413362465
997,178759.77413362465
998,83639.77413362465
999,201211.77413362465
1000,63079.774133624654
1001,112023.77413362465
1002,232043.77413362465
1003,131735.77413362465
1004,179099.77413362465
1005,145675.77413362465
1006,159483.77413362465
1007,74487.77413362465
1008,251351.77413362465
1009,106375.77413362465
1010,119415.77413362465
1011,99671.77413362465
1012,174855.77413362465
1013,95335.77413362465
1014,119703.77413362465
1015,204667.77413362465
1016,239115.77413362465
1017,227867.77413362465
1018,174699.77413362465
1019,206155.77413362465
1020,143227.77413362465
1021,203515.77413362465
1022,102007.77413362465
1023,176923.77413362465
1024,289131.7741336246
1025,136167.77413362465
1026,141847.77413362465
1027,259899.77413362465
1028,115415.77413362465
1029,117623.77413362465
1030,136503.77413362465
1031,225703.77413362465
1032,333867.7741336246
1033,222571.77413362465
1034,144039.77413362465
1035,78679.77413362465
1036,316535.7741336246
1037,241467.77413362465
1038,82679.77413362465
1039,69307.77413362465
1040,162423.77413362465
1041,157207.77413362465
1042,204859.77413362465
1043,236811.77413362465
1044,244155.77413362465
1045,141975.77413362465
1046,412231.7741336246
1047,140011.77413362465
1048,144279.77413362465
1049,93111.77413362465
1050,187035.77413362465
1051,196203.77413362465
1052,157431.77413362465
1053,142311.77413362465
1054,238411.77413362465
1055,174091.77413362465
1056,227195.77413362465
1057,263643.7741336246
1058,377543.7741336246
1059,214951.77413362465
1060,239659.77413362465
1061,73367.77413362465
1062,128183.77413362465
1063,129975.77413362465
1064,157575.77413362465
1065,284631.7741336246
1066,178843.77413362465
1067,199271.77413362465
1068,209003.77413362465
1069,121959.77413362465
1070,128983.77413362465
1071,147239.77413362465
1072,105271.77413362465
1073,131207.77413362465
1074,200267.77413362465
1075,184279.77413362465
1076,155031.77413362465
1077,142087.77413362465
1078,139515.77413362465
1079,127547.77413362465
1080,177687.77413362465
1081,120343.77413362465
1082,191915.77413362465
1083,153431.77413362465
1084,171947.77413362465
1085,160283.77413362465
1086,72567.77413362465
1087,254171.77413362465
1088,134699.77413362465
1089,197947.77413362465
1090,85527.77413362465
1091,160651.77413362465
1092,144631.77413362465
1093,159943.77413362465
1094,134519.77413362465
1095,176079.77413362465
1096,113799.77413362465
1097,194571.77413362465
1098,110775.77413362465
1099,169915.77413362465
1100,42951.774133624654
1101,110551.77413362465
1102,131127.77413362465
1103,164743.77413362465
1104,120855.77413362465
1105,350775.7741336246
1106,188299.77413362465
1107,232167.77413362465
1108,173947.77413362465
1109,307911.7741336246
1110,188715.77413362465
1111,195639.77413362465
1112,123095.77413362465
1113,137415.77413362465
1114,105799.77413362465
1115,328759.7741336246
1116,214187.77413362465
1117,122039.77413362465
1118,138023.77413362465
1119,115511.77413362465
1120,103527.77413362465
1121,212315.77413362465
1122,77575.77413362465
1123,107175.77413362465
1124,184987.77413362465
1125,114919.77413362465
1126,190171.77413362465
1127,213739.77413362465
1128,220651.77413362465
1129,131515.77413362465
1130,150951.77413362465
1131,105115.77413362465
1132,136679.77413362465
1133,220811.77413362465
1134,172555.77413362465
1135,117895.77413362465
1136,109559.77413362465
1137,80791.77413362465
1138,210071.77413362465
1139,129319.77413362465
1140,139927.77413362465
1141,185399.77413362465
1142,355991.7741336246
1143,89239.77413362465
1144,68939.77413362465
1145,138359.77413362465
1146,185403.77413362465
1147,178983.77413362465
1148,122007.77413362465
1149,155127.77413362465
1150,119527.77413362465
1151,131927.77413362465
1152,239463.77413362465
1153,133943.77413362465
1154,231927.77413362465
1155,243163.77413362465
1156,183847.77413362465
1157,206603.77413362465
1158,213467.77413362465
1159,183335.77413362465
1160,140859.77413362465
1161,215415.77413362465
1162,117259.77413362465
1163,120091.77413362465
1164,194443.77413362465
1165,228235.77413362465
1166,231227.77413362465
1167,186107.77413362465
1168,175655.77413362465
1169,499175.7741336246
1170,143575.77413362465
1171,172503.77413362465
1172,161451.77413362465
1173,249927.77413362465
1174,235291.77413362465
1175,319195.7741336246
1176,131271.77413362465
1177,101079.77413362465
1178,143607.77413362465
1179,94023.77413362465
1180,227867.77413362465
1181,293031.7741336246
1182,518135.7741336246
1183,137207.77413362465
1184,223831.77413362465
1185,107671.77413362465
1186,78759.77413362465
1187,285835.7741336246
1188,186731.77413362465
1189,192135.77413362465
1190,173655.77413362465
1191,174539.77413362465
1192,137015.77413362465
1193,154647.77413362465
1194,143015.77413362465
1195,171595.77413362465
1196,226795.77413362465
1197,135543.77413362465
1198,181995.77413362465
1199,135351.77413362465
1200,95543.77413362465
1201,201579.77413362465
1202,144599.77413362465
1203,197723.77413362465
1204,147323.77413362465
1205,257691.77413362465
1206,118695.77413362465
1207,211291.77413362465
1208,150583.77413362465
1209,291991.7741336246
1210,201515.77413362465
1211,194491.77413362465
1212,84647.77413362465
1213,137255.77413362465
1214,116535.77413362465
1215,97287.77413362465
1216,120071.77413362465
1217,230667.77413362465
1218,69079.77413362465
1219,94423.77413362465
1220,106199.77413362465
1221,118551.77413362465
1222,169463.77413362465
1223,158007.77413362465
1224,205531.77413362465
1225,143319.77413362465
1226,243467.77413362465
1227,149639.77413362465
1228,341479.7741336246
1229,125511.77413362465
1230,206075.77413362465
1231,136535.77413362465
1232,94999.77413362465
1233,137207.77413362465
1234,123751.77413362465
1235,156059.77413362465
1236,191275.77413362465
1237,210459.77413362465
1238,143995.77413362465
1239,232203.77413362465
1240,207787.77413362465
1241,244219.77413362465
1242,186843.77413362465
1243,413079.7741336246
1244,188523.77413362465
1245,222827.77413362465
1246,204923.77413362465
1247,136279.77413362465
1248,158507.77413362465
1249,120887.77413362465
1250,259575.77413362465
1251,203659.77413362465
1252,111015.77413362465
1253,278391.7741336246
1254,181307.77413362465
1255,132503.77413362465
1256,329499.7741336246
1257,77111.77413362465
1258,202955.77413362465
1259,160987.77413362465
1260,181915.77413362465
1261,118295.77413362465
1262,157383.77413362465
1263,167415.77413362465
1264,151035.77413362465
1265,165867.77413362465
1266,113479.77413362465
1267,342679.7741336246
1268,363095.7741336246
1269,117031.77413362465
1270,242283.77413362465
1271,162039.77413362465
1272,134359.77413362465
1273,162215.77413362465
1274,171447.77413362465
1275,134087.77413362465
1276,158711.77413362465
1277,182815.77413362465
1278,231083.77413362465
1279,84855.77413362465
1280,200859.77413362465
1281,206395.77413362465
1282,170699.77413362465
1283,138135.77413362465
1284,193447.77413362465
1285,135351.77413362465
1286,153767.77413362465
1287,175719.77413362465
1288,276059.7741336246
1289,308635.7741336246
1290,149271.77413362465
1291,118551.77413362465
1292,122647.77413362465
1293,182523.77413362465
1294,124423.77413362465
1295,128071.77413362465
1296,155223.77413362465
1297,133003.77413362465
1298,505447.7741336246
1299,151495.77413362465
1300,227419.77413362465
1301,171911.77413362465
1302,320555.7741336246
1303,239051.77413362465
1304,141515.77413362465
1305,335431.7741336246
1306,202923.77413362465
1307,148603.77413362465
1308,136007.77413362465
1309,176523.77413362465
1310,292619.7741336246
1311,196683.77413362465
1312,342087.7741336246
1313,326651.7741336246
1314,108823.77413362465
1315,196999.77413362465
1316,317735.7741336246
1317,209159.77413362465
1318,267771.7741336246
1319,82055.77413362465
1320,167367.77413362465
1321,71895.77413362465
1322,261931.77413362465
1323,95271.77413362465
1324,287511.7741336246
1325,69479.77413362465
1326,62807.774133624654
1327,140071.77413362465
1328,239483.77413362465
1329,184523.77413362465
1330,254075.77413362465
1331,126871.77413362465
1332,99431.77413362465
1333,126215.77413362465
1334,128087.77413362465
1335,160219.77413362465
1336,119159.77413362465
1337,32807.774133624654
1338,215947.77413362465
1339,130311.77413362465
1340,128919.77413362465
1341,144683.77413362465
1342,223147.77413362465
1343,195863.77413362465
1344,190427.77413362465
1345,86807.77413362465
1346,233655.77413362465
1347,282439.7741336246
1348,233115.77413362465
1349,159895.77413362465
1350,212215.77413362465
1351,170823.77413362465
1352,147959.77413362465
1353,391067.7741336246
1354,221099.77413362465
1355,194071.77413362465
1356,100135.77413362465
1357,165671.77413362465
1358,152203.77413362465
1359,340871.7741336246
1360,202343.77413362465
1361,293767.7741336246
1362,90263.77413362465
1363,166523.77413362465
1364,157115.77413362465
1365,219291.77413362465
1366,201707.77413362465
1367,119671.77413362465
1368,136299.77413362465
1369,227611.77413362465
1370,97863.77413362465
1371,168887.77413362465
1372,245931.77413362465
1373,466471.7741336246
1374,245307.77413362465
1375,233867.77413362465
1376,96219.77413362465
1377,131447.77413362465
1378,92503.77413362465
1379,169259.77413362465
1380,59511.774133624654
1381,221719.77413362465
1382,166935.77413362465
1383,162407.77413362465
1384,107991.77413362465
1385,111927.77413362465
1386,275531.7741336246
1387,181031.77413362465
1388,353943.7741336246
1389,144055.77413362465
1390,215515.77413362465
1391,139479.77413362465
1392,115943.77413362465
1393,147383.77413362465
1394,206107.77413362465
1395,289451.7741336246
1396,182391.77413362465
1397,142583.77413362465
1398,150807.77413362465
1399,152519.77413362465
1400,118295.77413362465
1401,191911.77413362465
1402,199739.77413362465
1403,283163.7741336246
1404,88567.77413362465
1405,280999.7741336246
1406,140651.77413362465
1407,106199.77413362465
1408,98439.77413362465
1409,214123.77413362465
1410,204747.77413362465
1411,155991.77413362465
1412,95575.77413362465
1413,240715.77413362465
1414,190135.77413362465
1415,198443.77413362465
1416,134935.77413362465
1417,323019.7741336246
1418,126615.77413362465
1419,233063.77413362465
1420,158919.77413362465
1421,140059.77413362465
1422,139915.77413362465
1423,215963.77413362465
1424,144359.77413362465
1425,152199.77413362465
1426,275563.7741336246
1427,134039.77413362465
1428,120071.77413362465
1429,191035.77413362465
1430,190779.77413362465
1431,131611.77413362465
1432,91479.77413362465
1433,188651.77413362465
1434,148279.77413362465
1435,190311.77413362465
1436,105335.77413362465
1437,375335.7741336246
1438,139847.77413362465
1439,193159.77413362465
1440,251911.77413362465
1441,135515.77413362465
1442,366263.7741336246
1443,118311.77413362465
1444,186987.77413362465
1445,145335.77413362465
1446,140183.77413362465
1447,233355.77413362465
1448,89703.77413362465
1449,112011.77413362465
1450,114651.77413362465
1451,268827.7741336246
1452,114523.77413362465
1453,115307.77413362465
1454,211595.77413362465
1455,171739.77413362465
1456,211899.77413362465
1457,257447.77413362465
1458,139863.77413362465
1459,143879.77413362465
